0
0
0
0
0
0
0
0
0
0
0
0
0
1
1
1
1
1
2
2
2
2
2
3
3
3
4
4
4
5
5
5
6
6
7
7
7
8
8
9
9
10
11
12
13
14
15
16
17
18
18
19
19
21
21
22
22
23
25
25
26
27
28
29
30
31
32
33
34
35
36
37
38
39
40
42
42
43
45
47
48
48
50
51
51
53
54
55
57
58
60
61
63
64
65
67
68
69
71
72
74
76
76
79
79
82
83
85
86
88
89
92
93
95
96
98
100
102
103
105
105
109
110
112
114
116
117
120
122
123
125
128
129
131
133
135
137
140
143
144
146
148
148
152
154
156
157
161
160
165
166
170
172
171
177
240
317
320
325
328
334
339
341
346
350
354
357
361
366
372
374
378
383
387
392
396
401
408
410
415
419
424
429
434
438
443
448
453
458
462
468
472
477
482
487
492
497
502
508
513
518
523
528
533
539
544
549
555
560
565
571
576
582
587
593
599
604
610
616
621
627
633
638
644
650
655
662
667
673
679
685
691
697
703
709
715
721
727
734
740
746
752
759
765
771
777
784
790
796
803
810
816
822
829
836
842
849
855
862
869
875
882
889
896
903
909
916
923
930
937
944
951
958
965
972
980
987
994
1001
1008
1016
1023
1030
1038
1045
1052
1059
1067
1074
1082
1090
1097
1104
1112
1120
1127
1135
1143
1150
1158
