0
0
0
0
0
0
0
0
0
0
0
0
0
0
0
0
1
1
1
1
1
2
2
2
2
2
3
3
3
3
4
4
4
4
5
5
5
5
6
6
7
7
7
8
8
8
9
9
10
10
11
11
11
12
12
13
13
14
14
15
15
16
16
17
17
18
19
19
20
20
22
22
22
23
23
24
25
25
26
27
27
28
29
30
30
31
32
33
33
34
35
36
36
37
38
39
40
41
41
42
43
44
45
47
47
48
49
50
51
51
53
54
55
56
56
58
59
60
61
62
63
64
65
66
67
68
69
71
71
72
73
74
75
76
78
79
80
81
82
84
85
86
87
88
90
91
92
93
95
96
97
99
100
101
103
104
105
108
109
110
111
113
114
115
117
118
120
121
123
124
126
128
128
130
132
134
135
137
138
139
141
143
145
146
147
149
151
152
154
155
157
159
160
162
164
165
167
169
171
172
174
176
178
179
181
183
185
187
188
190
192
194
196
197
199
201
203
206
208
209
211
213
215
216
218
220
222
224
226
228
229
231
234
236
238
240
242
244
246
248
250
252
254
257
261
262
264
265
267
269
273
274
277
278
280
282
285
287
289
291
294
296
298
300
303
305
307
310
312
314
317
319
321
324
326
328
332
334
336
338
341
344
347
351
352
360
364
365
368
364
366
369
371
377
379
383
388
391
393
395
